   0.0000000e+00   0.0000000e+00   0.0000000e+00   0.0000000e+00   0.0000000e+00   0.0000000e+00
   1.8705142e-02  -2.6589706e-02  -2.3566395e-03   6.8878052e-04   2.9213122e-04   3.0184507e-04
   4.2461114e-02   1.9732513e-02  -5.3426155e-02   1.7454821e-03   1.8571846e-04   6.9500515e-04
   5.5746660e-02  -1.0536364e-02  -9.6613380e-02   1.0326580e-03   4.8793915e-05   8.5866324e-04
   5.4463892e-02   5.3864761e-03  -1.9263862e-02   2.8779617e-03  -9.5080745e-05   9.5735414e-04
   5.0238542e-02   2.7423489e-02  -5.1237059e-02   3.5751902e-03   2.6878386e-04   5.1753061e-04
   6.1441591e-02   5.7043227e-02  -7.4590540e-02   4.1107377e-03   5.9432276e-04   8.4755940e-04
   7.4090448e-02   3.0615586e-02  -6.5283583e-02   3.2490918e-03   1.5301912e-04   9.2355920e-04
   3.9977143e-02   8.2484646e-02  -7.3884217e-02   5.3356189e-03  -3.2086024e-04   5.0568986e-04
   3.3328434e-02   1.0884012e-01  -8.4388186e-02   6.7864354e-03  -1.0901183e-04   2.8478424e-04
   3.0851174e-02   1.2921092e-01  -3.7727069e-02   7.4959934e-03  -1.3276520e-04   8.2847810e-04
   2.8792225e-02   1.3150565e-01  -1.0477680e-01   8.2387109e-03   4.3292008e-04   2.7011184e-04
   4.6119844e-02   1.5546665e-01  -7.1802300e-02   8.6871132e-03   5.6522535e-04   5.8118871e-04
   4.5444253e-02   1.8165774e-01  -5.8151069e-02   9.9459886e-03   9.0532848e-04  -2.2424193e-04
   4.6209541e-02   1.8875559e-01  -3.7127151e-04   1.0825290e-02   1.5789509e-03  -8.7641894e-04
   5.5165095e-02   2.0729189e-01  -4.4241813e-02   1.0633176e-02   1.7066250e-03  -1.0148755e-03
   3.4893203e-02   2.3038570e-01  -2.7145496e-02   1.2172672e-02   1.6070941e-03  -1.4465561e-03
   3.8598300e-02   2.4240905e-01  -1.9302978e-02   1.5073961e-02   1.4375101e-03  -1.1367263e-03
  -9.3642143e-03   2.2582263e-01  -9.0904173e-02   1.2205316e-02   8.4757284e-04   4.3794665e-04
   1.8838096e-02   2.4773955e-01  -1.9229469e-01   1.2337896e-02   1.7559780e-03  -8.0599445e-04
